0.193359375
0.399609375
0.502734375
0.605859375
0.760546875
0.8121093749999999
0.992578125
1.095703125
1.198828125
1.3019531249999998
1.3792968749999999
1.482421875
1.5597656249999998
1.6371093749999999
1.714453125
1.791796875
1.843359375
1.93359375
1.998046875
2.0496093749999997
2.101171875
2.152734375
2.230078125
2.255859375
2.3074218749999997
2.358984375
2.410546875
2.462109375
2.487890625
2.5394531249999996
2.5652343749999997
2.616796875
2.642578125
2.6683593749999996
2.6941406249999997
2.719921875
2.745703125
2.771484375
2.784375
2.7972656249999996
2.8230468749999997
2.8359375
2.8359375
2.8617187499999996
2.874609375
2.874609375
2.8874999999999997
2.900390625
2.91328125
2.9261718749999996
2.9261718749999996
2.9390625
2.9519531249999997
2.96484375
2.977734375
2.977734375
2.977734375
2.9906249999999996
3.003515625
3.003515625
3.0164062499999997
3.0164062499999997
3.029296875
3.029296875
3.0421875
3.0421875
3.0421875
3.0421875
3.0550781249999996
3.0550781249999996
3.0550781249999996
3.06796875
3.06796875
3.06796875
3.06796875
3.0808593749999997
3.0808593749999997
3.0808593749999997
3.0808593749999997
3.0808593749999997
3.0808593749999997
3.09375
3.09375
3.09375
3.09375
3.09375
3.09375
3.106640625
3.106640625
3.106640625
3.106640625
3.106640625
3.106640625
3.1195312499999996
3.1195312499999996
3.1195312499999996
3.1195312499999996
3.132421875
3.132421875
3.132421875
3.132421875
3.132421875
3.132421875
3.132421875
3.132421875
3.132421875
3.132421875
3.132421875
3.132421875
3.132421875
3.132421875
3.132421875
3.132421875
3.132421875
3.132421875
3.132421875
3.132421875
3.132421875
3.132421875
3.132421875
3.132421875
3.132421875
3.132421875
3.132421875
3.132421875
3.132421875
3.132421875
3.132421875
3.132421875
3.132421875
3.132421875
3.132421875
3.132421875
3.132421875
3.132421875
3.132421875
3.132421875
3.132421875
3.132421875
3.132421875
3.132421875
3.132421875
3.132421875
3.1453124999999997
3.132421875
3.132421875
3.132421875
3.1453124999999997
3.1453124999999997
3.1453124999999997
3.1453124999999997
3.1453124999999997
3.1453124999999997
3.1453124999999997
3.1453124999999997
3.1453124999999997
3.1453124999999997
3.1453124999999997
3.0421875
2.8874999999999997
2.784375
2.68125
2.578125
2.4749999999999996
2.3718749999999997
2.26875
2.1785156249999997
2.1140624999999997
2.0625
1.9593749999999999
1.9078125
1.85625
1.7660156249999999
1.7015624999999999
1.65
1.65
1.546875
1.4953124999999998
1.4437499999999999
1.3921875
1.340625
1.3148437499999999
1.26328125
1.2374999999999998
1.1859374999999999
1.147265625
1.10859375
1.0828125
1.044140625
1.03125
0.992578125
0.966796875
0.928125
0.9152343749999999
0.889453125
0.8765624999999999
0.8507812499999999
0.825
0.79921875
0.7734375
0.760546875
0.734765625
0.7218749999999999
0.69609375
0.6832031249999999
0.6703125
0.64453125
0.631640625
0.6187499999999999
0.6187499999999999
0.5929687499999999
0.580078125
0.5671875
0.554296875
0.54140625
0.5285156249999999
0.515625
0.515625
0.502734375
0.502734375
0.48984374999999997
0.48984374999999997
0.476953125
0.4640625
0.4640625
0.4640625
0.451171875
0.451171875
0.451171875
0.43828124999999996
0.43828124999999996
0.43828124999999996
0.42539062499999997
0.42539062499999997
0.42539062499999997
0.42539062499999997
0.42539062499999997
0.4125
0.4125
0.4125
0.4125
0.4125
0.4125
0.399609375
0.399609375
0.38671875
0.38671875
0.37382812499999996
0.36093749999999997
0.36093749999999997
0.36093749999999997
0.36093749999999997
0.348046875
0.348046875
0.348046875
0.33515625
0.33515625
0.33515625
0.322265625
0.322265625
0.322265625
0.322265625
0.322265625
0.322265625
0.322265625
0.322265625
0.30937499999999996